0,1,2
-54.13822003764932,-8.266633655549787,-0.2616915195461349
-54.13822570443382,-8.266644218284203,-0.2616671143794669
-54.13815172603187,-8.26666057101609,-0.2616870640279956
-54.13809854535444,-8.266680129016558,-0.26165986285518095
-54.13812813042785,-8.266661282899692,-0.26166237596458153
-54.13762941626769,-8.266736699072867,-0.2616673072460767
-54.13791345252862,-8.266713407231965,-0.2616623284630215
-54.13811988503355,-8.26667563285553,-0.26165687258026615
-54.13822953760213,-8.266637419651106,-0.2616523340033243
-54.13801675675185,-8.266695796742633,-0.2616635171386221
-54.138172302797486,-8.26666441890099,-0.26166971279540796
-54.138223903879236,-8.26664719569025,-0.26166468030530154
-54.13805943198312,-8.266688598465159,-0.2616698234948007
-54.13752873603518,-8.266732886319074,-0.26170536547992107
-54.138266997741695,-8.266615103909244,-0.2616687599296412
-54.1380147937057,-8.266678819750737,-0.2616399065547981
-54.138037402858856,-8.266691461366902,-0.2616778828020241
-54.1382902682953,-8.266627075172808,-0.2616676119414354
-54.13746467446955,-8.266741532194672,-0.26166898108222725
-54.13826315747237,-8.266625513963488,-0.26165130005424686
-54.13765880787103,-8.266738273255317,-0.2616944830998307
-54.13761786185257,-8.266727509903678,-0.2616788072675522
-54.13816089102297,-8.266668417293001,-0.2616687983595547
-54.138125953091766,-8.26666658099307,-0.26167167138669356
-54.137755866301006,-8.26672860809757,-0.2616552437049471
-54.13821044880859,-8.266653848700674,-0.26166713336348835
-54.1382520585485,-8.266625083922458,-0.26168320608094753
-54.138146153015384,-8.26665844408745,-0.26164894439889785
-54.13822096060963,-8.26664665719162,-0.26166099849417535
-54.138045524336434,-8.266691534415717,-0.2616814965345462
-54.13827055924602,-8.266621763417113,-0.26164924897823916
-54.138257793427115,-8.266625182744185,-0.26164816917141565
-54.13811510541642,-8.266670902756164,-0.26166464487580754
-54.13805503172324,-8.266684098709487,-0.2616735319634085
-54.13762016734742,-8.266742694109771,-0.2616753719488294
-54.138212234014695,-8.266648458040237,-0.2616578102064562
-54.13830020796218,-8.266617363055314,-0.2616669151508262
-54.13786626406162,-8.26669572188598,-0.2616778222260461
-54.13822396392695,-8.266639319137242,-0.2616530095971825
-54.13816531801496,-8.266665083505075,-0.2616612600907491
-54.13814930931982,-8.266671167345567,-0.2616716063762894
-54.13831104335791,-8.266615416063063,-0.26167628751965566
-54.13831863828128,-8.266612458015663,-0.2616600795246722
-54.13810823910836,-8.266675183233932,-0.2616588715587014
-54.138194406183494,-8.266649985915869,-0.261675977256294
-54.138103817518214,-8.26665112384963,-0.26169412713877627
-54.13817160683165,-8.266661076823016,-0.2616577019564499
-54.13823705094707,-8.266645430885575,-0.26166124150412173
-54.13825388786688,-8.26663872692683,-0.26167815507609227
-54.138210816044946,-8.266654955688121,-0.2616637024907895
-54.13827424106861,-8.26662332607728,-0.26168476493198867
-54.138265854861515,-8.26662871956681,-0.26166329639588426
-54.1382237688144,-8.266650841761487,-0.26166268579231655
-54.13821715486126,-8.2666501640908,-0.2616575644593251
-54.13833401095928,-8.266597104343258,-0.26165436578778944
-54.13836249987393,-8.266581851239582,-0.26167048998910936
-54.13791141622157,-8.26669924019626,-0.2616442998919055
-54.138299588867945,-8.266623370180152,-0.26166152665632225
-54.13827801305057,-8.266632263261533,-0.2616744576943546
-54.13821216909389,-8.266654444396668,-0.2616673452534908
-54.13823858340339,-8.266642218678964,-0.2616556698668955
-54.13820290829183,-8.266656007753395,-0.26167173949910705
-54.13754853957274,-8.266718124109813,-0.261709767768858
-54.138128183458534,-8.266672343402112,-0.2616724297729007
-54.138202717894046,-8.266639178126434,-0.2616437929490054
-54.138382391617235,-8.266581393074349,-0.2616748691459012
-54.13816672847998,-8.266656322512244,-0.26165600292593894
-54.13812786169632,-8.266672531722532,-0.26165905370618425
-54.13817909741494,-8.26665406717568,-0.26165492097667986
-54.13827689031882,-8.266622648183985,-0.2616685678024364
-54.13832911173053,-8.266613624619366,-0.2616748746478752
-54.13796756357078,-8.266699513558077,-0.26166353015846333
-54.13819933123228,-8.266656501200004,-0.26166008678828945
-54.13829975271064,-8.266615275633514,-0.261655955507452
-54.13817546885256,-8.266652853399867,-0.2616574118271391
-54.13836471429865,-8.266584895945897,-0.2616644473219676
-54.13829531874562,-8.266612054259102,-0.2616638648916805
-54.13832570068454,-8.26661760806352,-0.26167175134878917
-54.138245221378824,-8.266638978469349,-0.261673970887637
-54.13747233151018,-8.266750375030757,-0.2616739662731522
-54.13828851952046,-8.266627356316992,-0.26166951018998397
-54.13816737682153,-8.266666190438732,-0.2616600503487021
-54.13804111069004,-8.266675920072167,-0.26164433220660577
-54.13818007421138,-8.266661379229728,-0.2616689417602682
-54.13815967915719,-8.266668251740535,-0.26166847577364116
-54.13765313895597,-8.266731580261812,-0.2616706736032004
-54.13802895064659,-8.2666716004028,-0.261685028199496
-54.13814647005567,-8.266665843506198,-0.2616762013769254
-54.13808855744318,-8.266667586149644,-0.26164274736096793
-54.137950004794604,-8.266657863829824,-0.2617190613428555
-54.138314887342865,-8.266617828252652,-0.26166726373959115
-54.138194471443256,-8.266658836608777,-0.26168357232831596
-54.13820154550033,-8.266660573983222,-0.261666970773458
-54.138234941648605,-8.266643760446087,-0.2616704139236461
-54.138300486644965,-8.266624050740877,-0.26166683432365545
-54.138278921164954,-8.266628792801637,-0.2616802463575585
-54.13834498821624,-8.26660248937727,-0.2616738735148747
-54.13826304880032,-8.266639134107848,-0.26166464197770445
-54.13826091220888,-8.266639500437421,-0.2616701639837
-54.138269270797565,-8.266636061523442,-0.26166516001394946
-54.13830070297106,-8.266623471277788,-0.2616613063854114
-54.137975806927706,-8.266701052567313,-0.2616522746352139
-54.1372272105682,-8.266759434085884,-0.26168313471514537
-54.138133508010455,-8.2666727584182,-0.2616776788552979
-54.13830055863226,-8.266620792784703,-0.26165879807479975
-54.13829121563623,-8.266612975745648,-0.26165204010332843
-54.13834604418283,-8.26660470550378,-0.26167311103282387
-54.138261554432255,-8.266624569271896,-0.26165176634786036
-54.138330842604,-8.26661200875446,-0.2616761000707921
-54.13827576843033,-8.266630091422911,-0.2616668329734644
-54.13823564696438,-8.266642906619861,-0.26166124863089735
-54.13831449373147,-8.266611949230889,-0.2616605703200907
-54.13835518275655,-8.266602108434139,-0.26167184777232855
-54.13831704956448,-8.266611464825392,-0.26166616095941997
-54.13737489177126,-8.266726640757529,-0.26163481827394897
-54.13832773537351,-8.266609470272572,-0.2616657330411929
-54.13834753764381,-8.26659765277838,-0.26167619832967226
-54.138294458481724,-8.266622352605971,-0.2616849852957088
-54.1377534600741,-8.266729786544136,-0.2616611619980276
-54.138184655457,-8.266652890497241,-0.2616552632472011
-54.13778167346987,-8.266730357092866,-0.26167530456652344
-54.138331233959654,-8.266601909638826,-0.2616585826240385
-54.1382787867842,-8.266624227495761,-0.2616603598149556
-54.138158379286324,-8.266659314385786,-0.26167542914952513
-54.138323083290445,-8.266606160146987,-0.2616682804488164
-54.1382574153743,-8.266631169440526,-0.2616821234557758
-54.1382614241699,-8.266622849950647,-0.26166874335600987
-54.138306376562014,-8.266619000646326,-0.2616792957646421
-54.13826643459324,-8.266638341840538,-0.2616673543287522
-54.13829449543077,-8.266622092371305,-0.26166047408068493
-54.13812326359327,-8.266674773596844,-0.2616614022058066
-54.138264629116314,-8.26663626699522,-0.26165907951848943
-54.13831652736222,-8.266611045872073,-0.26166471094445853
-54.138263606161324,-8.266631005650298,-0.2616674797322087
-54.138278991027875,-8.266627308733343,-0.2616568018730341
-54.138307273829874,-8.266621990900667,-0.26166855951764667
-54.13815350787724,-8.266660982436997,-0.26165202258828657
-54.138350744868845,-8.26659510547431,-0.2616643652968307
-54.13788437545687,-8.26671318790741,-0.26167102926896035
-54.1382821090579,-8.266621074361376,-0.26165796726318646
-54.13791558871696,-8.26665427589232,-0.2617108395301013
-54.13809832537212,-8.266678366180164,-0.26165602060733306
-54.138349965841414,-8.266600223550306,-0.261670545542076
-54.13819215282847,-8.26664642268092,-0.26165708830161805
-54.13831339306158,-8.26661273357871,-0.2616654812260748
-54.13812312212074,-8.266672675954224,-0.2616660294316233
-54.13836754231698,-8.266589055473494,-0.26167044050845156
-54.13837388491453,-8.26658510207551,-0.26167474141713676
-54.138273010232524,-8.266632966331628,-0.26167280866555664
-54.1383075383653,-8.266622059568892,-0.2616815755052855
-54.13831146201844,-8.26661761835183,-0.2616818464029542
-54.138308113237315,-8.266615158773373,-0.26165904273142715
-54.13833487932542,-8.266605345371039,-0.2616648481821908
-54.13801241402097,-8.266691664647283,-0.2616805388935859
-54.13815085912297,-8.266662607651062,-0.26166193267489746
-54.13834534608084,-8.266590826291047,-0.2616550442489807
-54.13832412655876,-8.266611128784932,-0.26167229266722813
-54.13831433424638,-8.266612812850445,-0.2616635943875867
-54.13819398305011,-8.266649925380475,-0.2616767243425375
-54.13817844382705,-8.266643682112917,-0.261656345606724
-54.138363968841986,-8.266585321024195,-0.2616575981668241
-54.13828488146411,-8.26663221749251,-0.26166726682317076
-54.138320556882,-8.266613977084386,-0.26166497253333887
-54.13830940404203,-8.266613019473024,-0.2616614437943898
-54.13816211266962,-8.266663894074348,-0.2616672812050336
-54.138361737190436,-8.266590654556833,-0.26166573287521366
-54.13832266516397,-8.266614860386367,-0.2616756429631497
-54.13825237186263,-8.266636580131365,-0.261681447859182
-54.138204932109,-8.266649340477638,-0.261666472043526
-54.13822088777494,-8.266638628702108,-0.26164675686251826
-54.13828366495233,-8.266629379723378,-0.2616601736278117
-54.13836345080859,-8.26658925341121,-0.2616615352768381
-54.1381202733635,-8.266671907500848,-0.26166175510776135
-54.138251681967304,-8.26663987676195,-0.26165905443516024
-54.13825213908312,-8.26664130123486,-0.26166419434755284
-54.138004627168435,-8.266691034536384,-0.2616629519974012
-54.13829155139494,-8.266621178936013,-0.26166898245785397
-54.138283942746114,-8.266632077468035,-0.26166482004267344
-54.138312494089824,-8.266603458886237,-0.261668790692438
-54.13836243752008,-8.26659318489483,-0.2616644807751012
-54.13828919840166,-8.266627362782652,-0.2616684247072385
-54.13826897574769,-8.266630875651131,-0.2616709256298737
-54.13836366018683,-8.266590700186994,-0.2616615021572066
-54.13826504084684,-8.266633174899283,-0.2616624972723187
-54.13825874594154,-8.26664048193837,-0.26166407743800235
-54.13823907738318,-8.266642332812708,-0.2616769808510018
-54.138343803687874,-8.266608308572351,-0.2616719583428342
-54.13826065925242,-8.266628031863291,-0.26168088956094593
-54.13828321598113,-8.266617318342263,-0.26165997828727505
-54.13827286515853,-8.266618462456286,-0.2616706161863753
-54.13834060764762,-8.266596106316783,-0.2616569034873031
-54.1383650169624,-8.266585065927764,-0.2616652402616779
-54.138335961521214,-8.26660293115928,-0.2616622352079343
-54.1383477167531,-8.266604123534696,-0.26166957028728355
-54.1380913015433,-8.266674180013208,-0.26168898283563635
-54.13833990555768,-8.266607495946893,-0.2616777938953714
-54.13833439564025,-8.2666006939584,-0.26165883529193046
-54.13826339235871,-8.266640931146432,-0.26167045488833196
-54.13808548593417,-8.266675817342616,-0.2616684018200761
-54.13837017911714,-8.266583054087809,-0.2616770962003727
-54.13815336932107,-8.26666001346988,-0.26165936509221766
-54.13833347582809,-8.266605291319385,-0.2616779057307781
-54.13839942244087,-8.266568010993534,-0.26167404512794334
-54.138316053644616,-8.266594290267614,-0.2616493858715181
-54.138156880606005,-8.266666708923475,-0.2616623450360951
-54.138304318601826,-8.266614270591843,-0.26168386702931734
-54.1382684192806,-8.26663101945324,-0.26165575630731475
-54.13837969131217,-8.266576668202603,-0.26167550411775586
-54.13837201307484,-8.266583392158545,-0.26166640483661396
-54.13821349309827,-8.266640105006392,-0.2616575937337
-54.138409491579225,-8.266551624407287,-0.26166543398982967
-54.138225775724834,-8.26664203289517,-0.26167574603417876
-54.13826143003355,-8.266626423519048,-0.2616528754156029
-54.13833131606116,-8.266606352587495,-0.26166192761908214
-54.13819856755437,-8.266610125353878,-0.26169333476633305
-54.13828396246025,-8.26661118685,-0.2616473418259826
-54.138130462975326,-8.266675868439732,-0.2616649997529805
-54.13833231067622,-8.266607399976122,-0.26167029475887915
-54.138281500340305,-8.266622094070655,-0.2616551913908527
-54.138130478101424,-8.26666520916746,-0.261661683929848
-54.13825018866073,-8.266644479320961,-0.26166545195442836
-54.13830748614534,-8.266609561664147,-0.26165381427726686
-54.138319803153564,-8.266610078103458,-0.26166588734236207
-54.13833007957988,-8.266600331303282,-0.2616556354467363
-54.13836269544218,-8.266589192803997,-0.26167504898432625
-54.13836782457043,-8.26658501300157,-0.2616609708169175
-54.138246063852534,-8.26664612749339,-0.261670323248401
-54.13831256835895,-8.266615308178306,-0.26166761085643486
-54.13827430534942,-8.26662425803752,-0.26165732896605753
-54.138347443676295,-8.266604993607071,-0.2616712026750925
-54.138385143916096,-8.266573964896969,-0.2616639805066914
-54.13808210993349,-8.266671137843742,-0.2617032920256541
-54.13833403921677,-8.266600327851567,-0.26165755919065425
-54.13748599864179,-8.266743668536641,-0.2616761631087652
-54.13820143439181,-8.266644586501453,-0.2616966155788738
-54.138259991606574,-8.266637256476628,-0.2616654876515643
-54.13821076361581,-8.266650512177478,-0.2616608940387142
-54.138333383551995,-8.266601148955319,-0.2616667944079669
-54.138289714638766,-8.266627743455954,-0.26166599605532426
-54.138309589200304,-8.266617690458016,-0.26166702396288244
-54.13837196880228,-8.26658180276328,-0.2616632249636073
-54.1382060194238,-8.266635564319246,-0.2616471124687081
-54.13825379358395,-8.266628128232778,-0.26165335786769717
-54.138375366519675,-8.266580537246579,-0.2616782346868689
-54.13833960547926,-8.266595226232322,-0.261673243467893
-54.138367310826794,-8.266591489158492,-0.26167031042088773
-54.138133774691596,-8.266672384027249,-0.2616634990960893
-54.138357557632716,-8.266593911666188,-0.26167130559011476
-54.138314098086845,-8.266619701117525,-0.2616734481707219
-54.13835204310429,-8.266582554388432,-0.26167542467982585
-54.13834064857125,-8.266606194579861,-0.26167285607380286
-54.13832956968549,-8.26660478760483,-0.26165865646521524
-54.13836311616939,-8.266575586899087,-0.26165511764459737
-54.13833404500439,-8.266606925045615,-0.261662776812031
-54.1382907268699,-8.266626057868947,-0.26166872432912847
-54.13834094504402,-8.266601926817799,-0.26166736053333217
-54.138380491103156,-8.26657348166946,-0.26166881302043876
-54.13836641409539,-8.266581180397687,-0.2616591066341858
-54.138335537173376,-8.266602634231457,-0.2616622217600124
-54.1383555307903,-8.266590951287807,-0.2616670915352106
-54.13838217232568,-8.266576375278994,-0.2616790275874923
-54.13825247966148,-8.266625124479923,-0.2616995413906995
-54.13823166938511,-8.266648869193986,-0.2616741222127814
-54.1383794698735,-8.26657946127982,-0.2616642814072616
-54.13840464929575,-8.266554965482314,-0.2616616966004681
-54.1383718422722,-8.26657979253043,-0.26166198533788254
-54.138294653673725,-8.266607971966708,-0.2616472676779509
-54.13835815678276,-8.266591760884332,-0.26167646216092066
-54.13837889922682,-8.266576696711594,-0.2616625394285741
-54.13834157950737,-8.266599549888538,-0.2616855277391448
-54.13826291304228,-8.266617766609025,-0.2616433709478123
-54.13838001819758,-8.266567067625004,-0.2616562367488591
-54.138344739886,-8.266602448321853,-0.2616657766539241
-54.138327678724515,-8.266609647437694,-0.261669355862292
-54.13829603243634,-8.266624982296536,-0.2616739264098964
-54.13832514154169,-8.266597621853467,-0.2616564212243997
-54.13829549303621,-8.266623342136853,-0.26166527621560576
-54.13837215815955,-8.266571368648343,-0.2616549040567513
-54.138336234996245,-8.266597126960708,-0.2616583947633693
-54.1383574396279,-8.266596842478606,-0.2616682828729626
-54.138320376105206,-8.266603547829371,-0.26165529389751363
-54.138379516527614,-8.266586565038605,-0.2616749416602957
-54.138357208270655,-8.26658605260924,-0.2616568162629651
-54.13829816367959,-8.266620406241856,-0.26166707526928334
-54.13831771840633,-8.266600909196471,-0.26165259959774545
-54.13835520263304,-8.266584782271327,-0.26167147496450127
-54.13833090772704,-8.266606772702346,-0.26166160475591305
-54.13835875953333,-8.266593813470498,-0.2616725001402944
-54.13837387448395,-8.266581592314317,-0.26166037818581955
-54.13833608175533,-8.2665941807586,-0.2616607894113674
-54.13829259777132,-8.266615972154497,-0.2616661335754582
-54.138190142786755,-8.2666522733378,-0.2616525168716368
-54.138395653030564,-8.266561105674242,-0.2616598792682563
-54.13835590174316,-8.266590626868037,-0.2616586196079407
-54.13836634720954,-8.266589620686888,-0.2616664604444061
-54.138371457752356,-8.266578034920578,-0.2616574442522701
-54.138363410729916,-8.266583719610137,-0.26165796625638826
-54.13829217685799,-8.266624001653673,-0.2616717003144604
-54.13834696520631,-8.266588596410616,-0.2616526577590168
-54.13838586871295,-8.266573161137227,-0.2616622512543483
-54.13839681210176,-8.266569199486524,-0.26166743408331783
-54.13834442107344,-8.266606211798932,-0.2616692622284713
-54.13838097004778,-8.26656742117707,-0.2616557505937749
-54.13840565047406,-8.266559402313984,-0.2616721611765698
-54.13839186543335,-8.266569735404111,-0.26166587080724035
-54.13833261376401,-8.266603513552841,-0.2616603362782275
-54.13834791430279,-8.266603805147604,-0.2616766624996778
-54.13830734545757,-8.266607706253163,-0.26165063762664964
-54.13837365070545,-8.266574369551652,-0.26165756814781815
-54.13832445533629,-8.266606669240701,-0.2616687413987542
-54.138311312208835,-8.266619753233135,-0.26166988173241457
-54.13832868823064,-8.266604406284358,-0.2616570873002573
-54.138386653813534,-8.266565415723203,-0.2616607203159145
-54.13829921469962,-8.266613811596367,-0.2616572964596653
-54.13828405899422,-8.266614621568424,-0.26164965221246206
-54.13839866023617,-8.266564757842703,-0.26166477121537746
-54.13839915879078,-8.26655915641104,-0.26166513583177853
-54.13837494150958,-8.266586799477732,-0.26167506636513593
-54.13837690682464,-8.266574765097698,-0.26165792758403583
-54.13838967354931,-8.266551876156381,-0.2616539620931331
-54.138387428455715,-8.266566576726728,-0.26166415105645946
-54.13838614290838,-8.266560494977853,-0.2616540265085838
-54.13837212499451,-8.266583359265574,-0.26166133501751077
-54.138360978216554,-8.266589016517745,-0.26165923334262864
-54.13836316497042,-8.266588192935359,-0.2616642692244806
-54.13835914639635,-8.266592640177938,-0.2616647266593599
-54.13831268133942,-8.266616023373384,-0.26167733231506674
-54.13836564254551,-8.26658551467837,-0.2616693054570831
-54.13835727052126,-8.26657856187434,-0.2616537912558954
-54.1383483832423,-8.266594354477315,-0.26165875738669975
-54.13840186684157,-8.26656507458986,-0.26167375895049716
-54.13838561158789,-8.266559691131194,-0.2616550712981649
-54.13837631238946,-8.266574342009893,-0.26165967488782016
-54.13835423719582,-8.266592818520245,-0.2616593917195207
-54.138383254615164,-8.266569001288211,-0.26166065584723697
-54.13840219814223,-8.266562560351094,-0.26166714078101805
-54.138318761664344,-8.26661723957871,-0.26167055697569985
-54.13836728477268,-8.26658240313577,-0.26166091939631464
-54.13839304614602,-8.26657204154963,-0.26166927077350444
-54.13822059159593,-8.266644762904896,-0.26166530634756313
-54.13826481513504,-8.266631626081676,-0.26165611401337685
-54.138373402123115,-8.26657405074468,-0.26165647697540884
-54.13834219455451,-8.266593923167246,-0.2616560848033913
-54.13835115787447,-8.266587320225126,-0.26165324195699213
-54.13840122044688,-8.266563565259665,-0.261667934249731
-54.13834097345831,-8.266604427233057,-0.2616697714758143
-54.13838690597181,-8.266571839697459,-0.2616719317397962
-54.138406295688974,-8.266558576317607,-0.2616733005950884
-54.13836029516553,-8.266598100552095,-0.2616716680525606
-54.13836367250915,-8.266594152097753,-0.26166910519062014
-54.13838132140802,-8.266567835563485,-0.26166022188294136
-54.13839042030982,-8.266575453713614,-0.2616718412022383
-54.13832797412585,-8.266607632391302,-0.26168002071535135
-54.13821539813977,-8.266649981329499,-0.26166433380044474
-54.138243795330474,-8.266644481528562,-0.26167312032712786
-54.13833815998762,-8.266607802903875,-0.26166970686364266
-54.13835562799178,-8.266589144233485,-0.26165997456025636
-54.1383530451946,-8.266599747732412,-0.2616657636667643
-54.138321855227105,-8.26660691392136,-0.2616566710841166
-54.13838622472582,-8.26657576853705,-0.26166882857427787
-54.13837087524986,-8.26657838975008,-0.26166674759283914
-54.13822570672184,-8.266640313048526,-0.26165792124110254
-54.138376914627536,-8.266580156026661,-0.26166567932076035
-54.13838602580382,-8.26657652838441,-0.26166737350078506
-54.13838188182664,-8.266567333049567,-0.26165778760975655
-54.13840028764479,-8.266549188070512,-0.2616563565150951
-54.13839941567779,-8.266556161319087,-0.2616589822574227
-54.138152570651705,-8.266660670260743,-0.26166649063687153
-54.138400056531744,-8.266559257521552,-0.26166287213648864
-54.13839786115432,-8.26655533398784,-0.2616605139568442
-54.13771602505433,-8.266736350820697,-0.26169187008407135
-54.13837273356033,-8.266576896489736,-0.2616580158258479
-54.13837994877976,-8.266569282754599,-0.2616647828468892
-54.13841241493148,-8.266554302140669,-0.26167287246099136
-54.13824402119259,-8.266633447377474,-0.2616580720056554
-54.13836404366653,-8.266583140404954,-0.2616793323545945
-54.13837975151921,-8.266572087325121,-0.26165786101878474
-54.13840417686859,-8.266559739777872,-0.2616725423285544
-54.13837043172733,-8.266572117182022,-0.26165548714068976
-54.13834515725623,-8.266597042480125,-0.2616733760858736
-54.138394063767024,-8.266557526592589,-0.2616590908225156
-54.13821315443809,-8.266648837001643,-0.26165871981478617
-54.137918746870696,-8.266710183453245,-0.2616655955077487
-54.138384142954315,-8.266565924607928,-0.2616576580870902
-54.13839414183152,-8.266560589020015,-0.26166159383316767
-54.138394036198605,-8.26656979296589,-0.2616659126612415
-54.13830728895344,-8.266601779192738,-0.26164683955968293
-54.13839083270761,-8.266572367232103,-0.2616695357839127
-54.13830685535174,-8.266617677148352,-0.2616767377824747
-54.13832625448507,-8.266610904129832,-0.2616623410496679
-54.13838829256378,-8.266571807174941,-0.2616636171124629
-54.13837257729454,-8.266580070172404,-0.26166539577448944
-54.13836228171503,-8.266584600472187,-0.2616583663437275
-54.13840605267474,-8.266549919941767,-0.2616604447919997
-54.138359854145875,-8.2665849495337,-0.2616560132190049
-54.13835918703,-8.266586771010132,-0.261657193896248
-54.13837279193873,-8.266566060524994,-0.2616529099917333
-54.1383691958954,-8.266568848488474,-0.2616523419144361
-54.1383883371614,-8.266559608407322,-0.2616565447476056
-54.13839922214372,-8.266562393842175,-0.26166605995814685
-54.13841563199009,-8.266550305808646,-0.2616706647880509
-54.138390983165806,-8.266558772873283,-0.2616555472740618
-54.13833697130996,-8.266597009715838,-0.2616907620945863
-54.13820517376711,-8.26665447686821,-0.26167739062750783
-54.13835091525788,-8.266594736757643,-0.2616730104528635
-54.1383300470764,-8.266608771258067,-0.2616672669725215
-54.13840404112001,-8.266555337128343,-0.26166246846040586
-54.13840026179523,-8.26654489999422,-0.26165541091966205
-54.138307924671444,-8.266615038597239,-0.26167117794396155
-54.13840165233056,-8.266559740870532,-0.2616624688470104
-54.13838434536085,-8.266577860790695,-0.2616679131730866
-54.13840556037308,-8.266550322130907,-0.26166474048170585
-54.138359397043224,-8.266585914144299,-0.26165914770296084
-54.138389507662744,-8.26656955727501,-0.2616628344448433
-54.138415070141434,-8.266542959441853,-0.26166278858748093
-54.138368607032476,-8.26658834744224,-0.2616698486746838
-54.138391767298366,-8.266569060524766,-0.2616625505036101
-54.13833735087989,-8.266596618203458,-0.2616637598197702
-54.13841445972255,-8.26654421493975,-0.2616634897383321
-54.138329053665856,-8.266603713983892,-0.2616546227937171
-54.13841257120561,-8.2665515550552,-0.26167630250226104
-54.13841308835569,-8.266541922625354,-0.26166179389463373
-54.138351458682386,-8.266598298751417,-0.26166351140224897
-54.138285795863794,-8.266627415473726,-0.26166782361278784
-54.13833630506739,-8.266598349311874,-0.26166116989248955
-54.138391923255156,-8.266571700413879,-0.2616669354017329
-54.13839441646242,-8.266561875687376,-0.2616595967310591
-54.13839390801899,-8.266561582753418,-0.2616651917092643
-54.13840179782847,-8.266560936784739,-0.2616659410903033
-54.13839566108042,-8.266561844861647,-0.261662266545887
-54.13838916160451,-8.266574528196529,-0.26168136705100764
-54.13836119705843,-8.266589810783778,-0.2616607063179952
-54.138387338445156,-8.266571306277825,-0.26166086713025116
-54.13842023872558,-8.266536832677183,-0.2616631225687449
-54.13833850679024,-8.266597416288782,-0.261658256207042
-54.13837273305055,-8.266588635205434,-0.2616817898523216
-54.138401085192875,-8.266561826914435,-0.26167947131824576
-54.13832238518366,-8.266606680346442,-0.26167951174006987
-54.138312483017465,-8.266611314374568,-0.26167583692857654
-54.13840526060557,-8.266549214769395,-0.2616593605572355
-54.13833772393551,-8.266601743170142,-0.26166306189092126
-54.13832335042431,-8.266612579828248,-0.2616608702043397
-54.13839317477251,-8.266559015787738,-0.2616584394828738
-54.13838644976563,-8.266574598485551,-0.26166970953138957
-54.13839713456316,-8.26655619417894,-0.2616629871902685
-54.13838918283928,-8.266558652727603,-0.26165517608422384
-54.13837029874262,-8.266572417380207,-0.2616561541844593
-54.13841243695809,-8.266536627011673,-0.2616590358792976
-54.13837474792645,-8.266584464939633,-0.2616641625650047
-54.138300436238694,-8.266624852002005,-0.26167788764293576
-54.13836209088522,-8.266582019721994,-0.2616558313071078
-54.138396766368494,-8.266552059841441,-0.26165564509354766
-54.13834060904907,-8.266589312616691,-0.2616507112723916
-54.1383107030395,-8.266620209925723,-0.26167083241830547
-54.13837380761792,-8.266577833736545,-0.26165933633635596
-54.13839776151799,-8.266552114719135,-0.2616634528514705
-54.13835215253748,-8.266581388805552,-0.261656584592016
-54.13836607631383,-8.266570447922131,-0.26165096128371523
-54.13841800606599,-8.266541921289456,-0.2616647414769897
-54.138394446713846,-8.266568831062235,-0.26166873458693374
-54.13840747254427,-8.266554611303569,-0.26166382711271474
-54.13840535625735,-8.266558055642996,-0.26167049442260115
-54.13832061550535,-8.266611594904965,-0.26166500997712916
-54.138411797416055,-8.266542852280372,-0.2616616458180694
-54.13837228502585,-8.266572486489098,-0.26165909647070684
-54.13833627471958,-8.26658290787983,-0.2616476165259787
-54.13836687980937,-8.266586398957694,-0.26166762496669804
-54.13841120511535,-8.266558760174389,-0.2616709577177101
-54.13840482393181,-8.266555105025947,-0.26166156319463063
-54.13838516002166,-8.266572816775064,-0.26166275420040996
-54.13838309249235,-8.266572120078692,-0.26166027626431365
-54.13838550088164,-8.266570499801857,-0.26166524160937854
-54.13834584044179,-8.266604524378202,-0.26167740381917604
-54.13840825171778,-8.26654830331074,-0.26166643278893
-54.13842324271771,-8.266534607424097,-0.2616644775924861
-54.138365618791205,-8.266579582876908,-0.2616634417495973
-54.13840078650472,-8.266552945344088,-0.2616581614598825
-54.138373377053625,-8.266572368835522,-0.26165652421623165
-54.13838183135606,-8.266569485581194,-0.2616623228439625
-54.13835915849808,-8.266586066295812,-0.26165707422584994
-54.13837746307039,-8.266568867355808,-0.2616583788893774
-54.1382971869522,-8.266627919716976,-0.26167280137058135
-54.138426155359326,-8.266539067172927,-0.26167572287495666
-54.13840144121979,-8.266551947645414,-0.2616587350331496
-54.13839914986998,-8.266551278196182,-0.2616586154523546
-54.1383656824928,-8.266595379501334,-0.2616773511170152
-54.13837969169713,-8.266581816262596,-0.26167115166341404
-54.13832211656906,-8.266607971728245,-0.2616577752903435
-54.13823574602407,-8.266632091073363,-0.2616671789841156
-54.13832658992667,-8.266606111761474,-0.26165740249856206
-54.138376980857984,-8.266581943606294,-0.2616651954558975
-54.13835260821225,-8.266599180753627,-0.26166919912212805
-54.13822750980178,-8.266625756306231,-0.26170923019572356
-54.13832519195666,-8.266612871385384,-0.2616747479511279
-54.1384039093175,-8.266545737207842,-0.2616573413963881
-54.13840357764786,-8.266557182969471,-0.2616656127814103
-54.13839775182104,-8.266560717208044,-0.261660208929376
-54.138324250691234,-8.266601785952549,-0.261671011475201
-54.13839027121161,-8.266564251733127,-0.26166246327469445
-54.13838174711191,-8.266569535330408,-0.26165737360316577
-54.13837281801671,-8.266582135862134,-0.2616639265565315
-54.138341508048306,-8.266599098688381,-0.2616670729973052
-54.138368316103396,-8.266575137430866,-0.26165536049353655
-54.13837977818361,-8.266581831786876,-0.2616779767833233
-54.13839070992796,-8.266568820509224,-0.261664952462322
-54.13839767517967,-8.26655334405944,-0.2616598507673853
-54.13839393765793,-8.266546817297439,-0.2616523619529243
-54.138402070810734,-8.266555820612274,-0.2616641898412464
-54.13841752957485,-8.266536206896642,-0.2616646817993331
-54.138331420181046,-8.266598550952311,-0.26165740857934416
-54.138341491733506,-8.266595577464038,-0.26165703664961093
-54.13835849874158,-8.266582759407473,-0.2616555981558335
-54.13838304175619,-8.266572226068728,-0.26166001867601985
-54.13839899627004,-8.266565937997417,-0.2616658192020509
-54.13836194920202,-8.266584705604863,-0.2616618763893861
-54.13839867530841,-8.266565364743641,-0.2616662332774826
-54.13832225694608,-8.26661532870136,-0.2616772074715783
-54.13837928180989,-8.266564789731666,-0.2616549775943433
-54.1383832429147,-8.266567984289125,-0.26165764771876887
-54.13837971695542,-8.266584549484065,-0.26167372055009075
-54.138373732035454,-8.266577051473963,-0.26165940128658605
-54.138390262611715,-8.266572719190243,-0.2616661142174994
-54.13837513557392,-8.266578667643916,-0.2616605717202223
-54.13781490217947,-8.266717730763917,-0.2616716162820101
-54.13841396743893,-8.266549132504476,-0.2616680058156753
-54.138402148160154,-8.266554672241153,-0.2616605073620537
-54.13835364510237,-8.266593328538239,-0.26166121246513185
-54.138390004433646,-8.266555213946258,-0.2616568591155026
-54.138348435877674,-8.266597497069997,-0.26166328727332555
-54.138373143797224,-8.266580562915786,-0.26166578745700697
-54.13838918412799,-8.26657255451953,-0.2616649444507111
-54.13836223595355,-8.266572206055965,-0.26165257716050405
-54.138424093851526,-8.26653326121877,-0.2616709868160001
-54.13838359485999,-8.266565415654934,-0.2616561689715251
-54.13839772315566,-8.266556603484993,-0.26165889707618994
-54.13839325627911,-8.266564670211293,-0.26166509032448637
-54.138394757874,-8.266557922309934,-0.26165979615908697
-54.138390099632815,-8.26656244506069,-0.2616583956105689
-54.13837195035094,-8.26658795060681,-0.2616662295490091
-54.13840322993569,-8.266542638604422,-0.26165701379236594
-54.13842399996618,-8.266538076906206,-0.261667842053912
-54.13842476126544,-8.26653155732997,-0.26166753306067037
-54.138182283298775,-8.2666524016918,-0.2616900542103
-54.13839099408398,-8.266570613108794,-0.2616653697691991
-54.13834070609331,-8.266601523974504,-0.2616613635528058
-54.13839523249509,-8.266567601933042,-0.2616656360965415
-54.13839311635442,-8.266565824630941,-0.26166615325025333
-54.138396108917775,-8.266550564658385,-0.26165509076830773
-54.138392790399415,-8.266570373983399,-0.26166837651028807
-54.1384089877966,-8.26654920019146,-0.26166289769034634
-54.13839624148672,-8.266560700449801,-0.26165920684326416
-54.13841206780535,-8.266547524211045,-0.2616667691687624
-54.138352946996974,-8.266589698669579,-0.26165785921008755
-54.13837625336142,-8.266576766822643,-0.26166236666062836
-54.13837132412901,-8.266575814404614,-0.26165468873772646
-54.13836366875104,-8.266585927374573,-0.2616608121851556
-54.13838609560067,-8.266574313670146,-0.261672568858474
-54.138422154602594,-8.266530442273243,-0.26166364040674495
-54.138211266686675,-8.266642362452275,-0.26167571733332373
-54.13837307004552,-8.266580475126174,-0.26166095162395564
-54.13839890878329,-8.266557386429366,-0.26166322889725
-54.13840874051307,-8.26654795906563,-0.26167553602581073
-54.13838832437442,-8.266564058206354,-0.2616579877161449
-54.138367668734936,-8.266583376230507,-0.26166056334147036
-54.13832207877834,-8.266601627257279,-0.261654085904393
-54.13836880986327,-8.266581244158123,-0.2616671019923533
-54.138401170162716,-8.266558695511904,-0.26166484603813167
-54.138398762967185,-8.266553466484522,-0.26165696173891995
-54.13841126108625,-8.266542964792627,-0.2616653749216731
-54.13837643302297,-8.266579677043017,-0.2616610041882126
-54.138171571963866,-8.266620053184418,-0.2617106658248538
-54.1384121175545,-8.266544295751737,-0.2616661652273855
-54.138381552060224,-8.26657663556538,-0.2616610787435736
-54.13841353194627,-8.266549939954038,-0.2616678187320307
-54.138395992184066,-8.266568366511619,-0.26167024188082344
-54.13841090076822,-8.266544267193755,-0.2616598560780474
-54.13841875423865,-8.266543699257173,-0.2616674844541258
-54.1383884869551,-8.266569362007376,-0.26166255664353777
-54.13840094604185,-8.266557836273218,-0.26166029099979404
-54.13841636353905,-8.266543250465189,-0.2616721435227394
-54.138376664029714,-8.266572060403124,-0.26165610037151055
-54.13838598876551,-8.266572765440047,-0.26166844820882496
-54.138395551501766,-8.266557886784948,-0.2616604539993297
-54.13840018581051,-8.266555514445526,-0.26166069940761183
-54.13841145072682,-8.266546186829189,-0.2616622025055513
-54.138415472614554,-8.26654947134306,-0.261677767017348
-54.13839903373724,-8.26654932454509,-0.26166003792626746
-54.13835978924516,-8.2665879821982,-0.2616591278477056
-54.13840732806814,-8.266556381149897,-0.26166769263284095
-54.1384035579642,-8.2665621629885,-0.26167061711382544
-54.138378571248936,-8.266575048233126,-0.2616614638081991
-54.13835996781941,-8.266585249326276,-0.2616567761798123
-54.138407643058535,-8.266543163213571,-0.26165990962673824
-54.13840986136237,-8.266547037352765,-0.26166192143621103
-54.138403981737,-8.266544860398467,-0.2616582825298259
-54.13840782874962,-8.26654961924573,-0.261661547272368
-54.1384142539344,-8.266534641212486,-0.2616678998869819
-54.1383965939067,-8.266559876832869,-0.2616591886380135
-54.13840797216349,-8.266554317547527,-0.261678247772295
-54.1383854285936,-8.266577947509926,-0.2616750991307484
-54.138269369902396,-8.266630527531518,-0.2616557933462076
-54.13842364665549,-8.266531139617348,-0.2616659697620598
-54.13840984272435,-8.266547745968817,-0.2616606322850199
-54.13840395809097,-8.266548272677088,-0.2616583967381789
-54.13833449358834,-8.266593740155136,-0.26169278488541003
-54.1384107852599,-8.266553614961778,-0.2616668321351696
-54.13839447903558,-8.266573166768877,-0.26167334483507965
-54.138341988085074,-8.266594812372366,-0.2616661480042879
-54.13840106564228,-8.266560729293253,-0.26166615103720225
-54.13839910636358,-8.26656051372712,-0.2616708075896792
-54.138393184980195,-8.26655663815096,-0.2616557548066325
-54.13842025934416,-8.266542859330539,-0.2616684059536567
-54.13833895826574,-8.266599832558484,-0.2616625495691398
-54.138407516274306,-8.26654483976535,-0.26165948528121596
-54.13840007878763,-8.266559085365747,-0.26166298467196114
-54.138424565725956,-8.266533928953605,-0.26167277059482963
-54.13841046325141,-8.266547639364047,-0.2616616052872196
-54.13842254590371,-8.26653408350182,-0.26166465897580515
-54.13839537453609,-8.266565565137578,-0.261669505625612
-54.138220869670036,-8.266646490575647,-0.261688357962349
-54.138411698599654,-8.266550303519654,-0.2616649919450307
-54.13836715916295,-8.266592715640462,-0.2616749350300758
-54.138413984369535,-8.266541999819982,-0.26166597112859513
-54.13828778365473,-8.26662008373485,-0.26165774216217486
-54.13838077652009,-8.26656504163405,-0.26165834236062047
-54.13836454979522,-8.266572583024926,-0.261652450270903
-54.13841777362372,-8.266530322865837,-0.2616608216799907
-54.13837131887193,-8.266582990690187,-0.2616608478492779
-54.13838598376692,-8.26657269365343,-0.26166679880566335
-54.13836276107067,-8.266594506399853,-0.26166768244692484
-54.13839079939874,-8.266564341473426,-0.2616592490823475
-54.13840076938452,-8.26656032764396,-0.2616656268763933
-54.138372026950215,-8.266578097336877,-0.26166154957687127
-54.13841393414259,-8.266543896497328,-0.26166385545235826
-54.1383750944412,-8.266586637592518,-0.26167077428613794
-54.138411504376954,-8.266549081567307,-0.26166200953777796
-54.13839356441404,-8.266563377614176,-0.26166081349946424
-54.13836214406488,-8.266584762070053,-0.2616640566252286
-54.138432064911264,-8.266516497749407,-0.2616695474721773
-54.138391069947374,-8.266556314229476,-0.2616548995630428
-54.13837679839331,-8.266580172998303,-0.2616644174916818
-54.13834224412392,-8.266585356160343,-0.26164907654359837
-54.138365858417885,-8.266572123069938,-0.2616513123949922
-54.138376928509544,-8.266563240419693,-0.261653612827482
-54.138391104982034,-8.26655749307072,-0.2616594835030721
-54.13839411993575,-8.26654724842329,-0.26165604747593285
-54.13835057034838,-8.2665992302073,-0.2616732593419684
-54.1383905553713,-8.266569879423006,-0.2616624454000718
-54.138407002183705,-8.266544158598869,-0.2616582346661307
-54.13837980681043,-8.266569017544422,-0.2616557853033825
-54.138282582641715,-8.266626401348566,-0.26165885400644306
-54.13840943016856,-8.266556888055149,-0.2616685007273407
-54.13836601552782,-8.26657229644892,-0.2616546995880782
-54.138391407173174,-8.266563508873753,-0.2616607117884584
-54.13841694499878,-8.266537867814051,-0.26166707232946607
-54.13840757356751,-8.266548086543889,-0.26166398129825197
-54.13842656908602,-8.266528206342102,-0.2616677030210468
-54.13838216350594,-8.266578625731139,-0.26167898035413906
-54.13842017998955,-8.26654406238819,-0.2616700950690909
-54.138389099139545,-8.266565375157073,-0.2616616015600268
-54.13831760702202,-8.266615494019176,-0.2616709258195833
-54.13841503586563,-8.266522857955588,-0.2616564387038167
-54.13822640733191,-8.266637318974514,-0.26166545600338686
-54.13841992535334,-8.26654623085845,-0.2616703205539075
-54.13839371981124,-8.266573427910306,-0.26167259249872643
-54.13839030553258,-8.266549941677843,-0.2616522780863164
-54.13841003150418,-8.266550489399503,-0.26166673596390666
-54.13839273470832,-8.26655407314697,-0.26165561376524593
-54.1383939871665,-8.266564945091151,-0.2616647751789767
-54.13840193018424,-8.266560554405777,-0.26166486702897274
-54.13841374072211,-8.266547490040368,-0.2616643229968485
-54.13842464336675,-8.266524261317803,-0.2616633488963309
-54.13827394149599,-8.266632185760637,-0.2616802433840988
-54.13841891004308,-8.266540334905553,-0.2616657884853293
-54.13842596575677,-8.266532634416082,-0.26167026915864433
-54.1383864941535,-8.266554107690151,-0.26165250828006315
-54.13838075453205,-8.266569721687624,-0.2616605116397821
-54.13839112864156,-8.26653513435281,-0.2616492938933064
-54.138371811520784,-8.266580939764403,-0.26166368871817447
-54.138400480407526,-8.266556402576823,-0.26166018216662046
-54.13838673287251,-8.266550434035242,-0.26165058418725096
-54.13840491310225,-8.266553201637539,-0.2616638828879214
-54.13839503928476,-8.26656081902507,-0.26166125812874874
-54.13837345920603,-8.266575626324622,-0.26165674910992465
-54.13841996546012,-8.266535056368621,-0.2616640462353299
-54.13835579363923,-8.266593723421597,-0.2616606344876349
-54.1384192684461,-8.266532788485371,-0.2616647831435017
-54.138393322271874,-8.2665429431488,-0.2616511537379047
-54.138416228410975,-8.266534178761997,-0.26165899094097256
-54.138422504227165,-8.266537376324385,-0.2616670063354416
-54.13830502076847,-8.266617224001834,-0.26168301041220765
-54.13840973248264,-8.26654053031383,-0.26166224174193786
-54.138407595503466,-8.266554126355768,-0.2616644855333625
-54.12334737341719,-8.265568636160038,-0.26168382148632574
-54.138416750463556,-8.266548111354485,-0.2616681368940519
-54.13839864562119,-8.266548131557034,-0.26167773275717465
-54.13835181213603,-8.266582822272142,-0.26169561504718963
-54.138286338918235,-8.266630543322169,-0.2616737318428797
-54.138418347673664,-8.266526649348135,-0.26166111148022964
-54.13839370000358,-8.266565151408992,-0.26166179908655174
-54.13840557948882,-8.2665426015871,-0.26165672800837747
-54.13842021937804,-8.266537973251626,-0.2616681122224378
-54.138403665056735,-8.266553864541384,-0.2616646844519419
-54.138318482645474,-8.266616148395798,-0.26167019929812696
-54.138405878025274,-8.26654511217945,-0.2616671170714877
-54.13840393835173,-8.26654304676786,-0.26166057438741674
-54.13841850503628,-8.266532267238809,-0.2616600791885677
-54.13840213553509,-8.266552084015077,-0.2616600271113132
-54.138353353223344,-8.266590822750139,-0.2616586544504784
-54.138416723783216,-8.266544515364721,-0.2616705968516353
-54.138399863954206,-8.266543521340054,-0.26165365853941047
-54.13842430732961,-8.266536185759367,-0.2616697893600186
-54.13841126063401,-8.266542318033554,-0.2616607784817546
-54.13834327535327,-8.266593700541698,-0.2616626438664369
-54.13841861771925,-8.266527362124313,-0.2616593944712786
-54.138419192459224,-8.266540580053615,-0.2616634224918588
-54.13838794961699,-8.266560293756076,-0.26165623578692987
-54.13840118146648,-8.266546065834541,-0.2616562890465346
-54.13839290547815,-8.266555245819049,-0.2616580235512984
-54.13839920822153,-8.266569725830847,-0.2616725715148043
-54.13840410591391,-8.266553369308284,-0.2616607733827987
-54.138397222027294,-8.266568739637108,-0.26166568552934066
-54.138417170704074,-8.266538809170033,-0.26166295573688103
-54.138386824528084,-8.266572190512784,-0.261679895415698
-54.138418115731206,-8.266533620222937,-0.2616642849770354
-54.13840577959046,-8.26655215991891,-0.2616625382610813
-54.1383619251436,-8.266596141158663,-0.2616778722423465
-54.13838656577062,-8.266571557458573,-0.2616631768731956
-54.13841736664163,-8.266548812013601,-0.26166928306340864
-54.138396098890134,-8.266564137068656,-0.2616613687063296
-54.13839431393929,-8.266572177371414,-0.2616662186119214
-54.13840978813267,-8.266542535218143,-0.2616585939776268
-54.138413420586154,-8.266532730768182,-0.2616588771564512
-54.138413445587354,-8.266554289717904,-0.26167184343352545
-54.13842474406938,-8.266527522183448,-0.2616656267917179
-54.13841906156685,-8.266538600622319,-0.26167053516006433
-54.13839267276707,-8.266563632863999,-0.26166279118225155
-54.13840317636017,-8.266560975311865,-0.2616651117779387
-54.13841018685035,-8.26654695436537,-0.2616673575392472
-54.138358243176874,-8.266587765663099,-0.2616645963028006
-54.13814421721766,-8.266676389677784,-0.26167640431888906
-54.138387034241156,-8.266572783136386,-0.2616680252817698
-54.13840685988101,-8.266543545782788,-0.2616592182671589
-54.138418760605134,-8.266540218652052,-0.26166610633419296
-54.138376324409045,-8.266583042500192,-0.26166873635884436
-54.13840717841469,-8.266547897419855,-0.26166288235592994
-54.13841059539215,-8.266551089758591,-0.2616632156741989
-54.13839663972574,-8.266554128593672,-0.26165593398959075
-54.138412158056276,-8.266532914170313,-0.26165656190062947
-54.13836622061426,-8.266583909500401,-0.26167260726768404
